20180213|1111112|1544271407|1546863407
20180213|1111213|1544271845|1546863845
20180213|1111116|1544274019|1546866019
20180339|1111122|1544274386|1546866386
20100231|1111144|1544331129|1546923129
20180214|1111123|1544331173|1546923173
20180220|1111187|1544332875|1546924875
20130226|1111195|1544332910|1546924910
20180222|1111151|1544333412|1546925412
20180222|1111158|1544333439|1546925439
20180126|1111210|1544333473|1546925473
20180126|1111203|1544333497|1546925497
20180237|1111196|1544333583|1546925583
20180237|1111201|1544333603|1546925603
20180213|1111189|1544333624|1546925624
20180125|1111156|1544333672|1546925672
20180127|1111215|1544333695|1546925695
20180129|1111208|1544333774|1546925774
20140228|1111212|1544333791|1546925791
20140228|1111191|1544333808|1546925808
